0           0
1           100
2           550
3           0
4           51260
5           0
6           11250
7           1
8           25060
9           1
10          2
11          85000
12          1
13          6
14          55012
15          0
16          25050
17          2
18          0
19          45060
20          2
21          100
22          35060
23          2
24          5
25          75000
26          2
27          33
28          55060
29          3
30          2
31          60000
32          36
33          55060
34          3
35          1
36          0
-1          4